last-generated=2017-09-20
statistics-initialization=
{
  "numerical Jacobians": "0", 
  "nonlinear": "1, 1, 32, 1, 1, 1, 1, 1, 1"
}
statistics-simulation=
{
  "numerical Jacobians": "0", 
  "nonlinear": "0, 0, 31, 0, 1, 0, 1, 1, 1", 
  "number of continuous time states": "74", 
  "linear": "24"
}
pmpSouth.m_flow=[0e+00, 3.54542064666748e+00, 5.229339122772217e+00, 5.277144432067871e+00, 5.182986736297607e+00, 5.114256858825684e+00, 5.076239109039307e+00, 5.063357353210449e+00, 5.0704026222229e+00, 5.091779232025146e+00, 5.122071266174316e+00, 5.155332565307617e+00, 5.186187744140625e+00, 5.221305370330811e+00, 5.256616592407227e+00, 5.289435386657715e+00, 5.318986892700195e+00, 5.345248699188232e+00, 5.368416786193848e+00, 5.388723373413086e+00, 5.406383037567139e+00, 5.421582698822021e+00, 5.434479236602783e+00, 5.44520378112793e+00, 5.45386266708374e+00, 5.460541248321533e+00, 5.465303897857666e+00, 5.77844762802124e+00, 6.106607437133789e+00, 6.244128227233887e+00, 6.263260841369629e+00, 6.233724117279053e+00, 6.194435596466064e+00, 6.158918380737305e+00, 6.128512859344482e+00, 6.101109504699707e+00, 6.074445247650146e+00, 6.043452262878418e+00, 6.012558937072754e+00, 5.98076343536377e+00, 5.945429801940918e+00, 5.905558586120605e+00, 5.860684394836426e+00, 5.810429096221924e+00, 5.754377841949463e+00, 5.692053318023682e+00, 5.622911930084229e+00, 5.546345710754395e+00, 5.461686611175537e+00, 5.368211269378662e+00, 5.265146255493164e+00, 4.081645011901855e+00, 1.589412450790405e+00, 4.602667093276978e-01, 8.180997520685196e-02, 1.686382852494717e-02, 1.116543728858232e-02, 1.070661842823029e-02, 1.044497173279524e-02, 1.006232667714357e-02, 9.575006552040577e-03, 8.996468968689442e-03, 8.330135606229305e-03, 7.578277494758368e-03, 6.747630890458822e-03, 5.853069480508566e-03, 4.919788334518671e-03, 3.983353730291128e-03, 3.086644457653165e-03, 2.273458754643798e-03, 1.580133801326156e-03, 1.028103521093726e-03, 6.204033852554858e-04, 3.433371020946652e-04, 1.720487198326737e-04, 7.740080764051527e-05, 3.191517680534162e-05, 1.324163895333186e-05, 6.48531386104878e-06, 5.059335762780393e-06, 5.10724248670158e-06, 4.71812427349505e-06, 3.67139114132442e-06, 2.476946065144148e-06, 1.49178049468901e-06, 8.173702212843637e-07, 4.128770001443627e-07, 1.945174545880946e-07, 8.653046990048097e-08, 3.690919214704991e-08, 1.538938576572946e-08, 6.466351898382072e-09, 2.832065471025658e-09, 1.356923018391853e-09, 7.422262804368529e-10, 4.749929338743186e-10, 3.522159786051304e-10, 2.928873532592746e-10, 2.640482554827628e-10, 2.520792741211864e-10, 2.487015593466424e-10]
pmpNorth.m_flow=[0e+00, 3.940251588821411e+00, 5.780928134918213e+00, 5.808576107025146e+00, 5.689266204833984e+00, 5.604330062866211e+00, 5.557217597961426e+00, 5.54055643081665e+00, 5.54783821105957e+00, 5.57225227355957e+00, 5.607275009155273e+00, 5.646489143371582e+00, 5.681771278381348e+00, 5.721962928771973e+00, 5.762668132781982e+00, 5.800478935241699e+00, 5.83441162109375e+00, 5.86444091796875e+00, 5.890820026397705e+00, 5.913846969604492e+00, 5.933798789978027e+00, 5.950913429260254e+00, 5.965392589569092e+00, 5.977402687072754e+00, 5.98707914352417e+00, 5.994529724121094e+00, 5.999836444854736e+00, 6.391314029693604e+00, 6.808346748352051e+00, 6.98150634765625e+00, 7.00043773651123e+00, 6.957550048828125e+00, 6.904164791107178e+00, 6.857476234436035e+00, 6.818715572357178e+00, 6.784785747528076e+00, 6.752520561218262e+00, 6.716271877288818e+00, 6.678720474243164e+00, 6.640992641448975e+00, 6.59932279586792e+00, 6.552196502685547e+00, 6.498938083648682e+00, 6.439034461975098e+00, 6.371936321258545e+00, 6.297018527984619e+00, 6.213576316833496e+00, 6.120829105377197e+00, 6.017935752868652e+00, 5.904006958007812e+00, 5.778125286102295e+00, 4.468039989471436e+00, 1.739686012268066e+00, 4.988225400447845e-01, 9.165734052658081e-02, 1.89551804214716e-02, 1.253931317478418e-02, 1.200523879379034e-02, 1.168686244636774e-02, 1.122762355953455e-02, 1.06465108692646e-02, 9.959547780454159e-03, 9.172203950583935e-03, 8.289720863103867e-03, 7.323580328375101e-03, 6.295362487435341e-03, 5.238285753875971e-03, 4.195704124867916e-03, 3.215975360944867e-03, 2.344417618587613e-03, 1.614704029634595e-03, 1.042826566845179e-03, 6.257863715291023e-04, 3.449899377301335e-04, 1.724643807392567e-04, 7.74850050220266e-05, 3.192949588992633e-05, 1.324420463788556e-05, 6.486136953753885e-06, 5.060222520114621e-06, 5.109250651003094e-06, 4.722649464383721e-06, 3.679335350170732e-06, 2.48779679168365e-06, 1.503728981333552e-06, 8.283147963084048e-07, 4.214217028675193e-07, 2.00322517684981e-07, 9.003173317978508e-08, 3.882666277377211e-08, 1.636822410944205e-08, 6.949858466498426e-09, 3.072704535256321e-09, 1.484366518589297e-09, 8.175946586419514e-10, 5.262411617579232e-10, 3.920521962630374e-10, 3.272538906529121e-10, 2.959362199739246e-10, 2.832208634284683e-10, 2.799848408674421e-10]
time=[0e+00, 1e+03]
