last-generated=2017-09-20
statistics-initialization=
{
  "numerical Jacobians": "0", 
  "nonlinear": "1, 1, 33, 1, 1, 1, 1, 1, 1"
}
statistics-simulation=
{
  "numerical Jacobians": "0", 
  "nonlinear": "0, 0, 31, 0, 1, 0, 1, 1, 1", 
  "number of continuous time states": "74", 
  "linear": "24"
}
pmpSouth.m_flow=[0e+00, 5.51223884953176e-05, 1.096051475743873e-04, 1.635670714229542e-04, 2.171216733578901e-04, 2.70379037829116e-04, 3.234477354466156e-04, 3.764366619593088e-04, 4.294566397633228e-04, 4.826224885380195e-04, 5.360548966564238e-04, 5.898830002836075e-04, 6.442467305230097e-04, 6.993001708173525e-04, 7.552151353731042e-04, 8.121862192638218e-04, 8.704361831227697e-04, 9.30223294104421e-04, 9.918504228777099e-04, 1.055675574320501e-03, 1.122125308029354e-03, 1.191709026174558e-03, 1.265030434924174e-03, 1.342789890568223e-03, 1.425750472332321e-03, 1.514622708782554e-03, 1.609765203805825e-03, 1.71059306936173e-03, 1.814876849668516e-03, 1.920710681992302e-03, 2.027882495895028e-03, 2.136276440411466e-03, 2.24578002814208e-03, 2.356285282282984e-03, 2.467687135172657e-03, 2.579884370788932e-03, 2.692778469983828e-03, 2.806274631784793e-03, 2.92028142931738e-03, 3.034710309163587e-03, 3.149475902318954e-03, 3.2644957470701e-03, 3.379689982219812e-03, 3.494981456398051e-03, 3.61029746190112e-03, 3.725565737113357e-03, 3.840718062421916e-03, 3.955688080914607e-03, 4.070411683317911e-03, 4.184828496516587e-03, 4.298879764974117e-03, 4.412508212096813e-03, 4.525660286754479e-03, 4.638283299102115e-03, 4.75032803184917e-03, 4.861746449023485e-03, 4.972491984229877e-03, 5.08252179662103e-03, 5.191792991807965e-03, 5.300266565065116e-03, 5.407903343439102e-03, 5.514667470728803e-03, 5.620524022397625e-03, 5.72543897285963e-03, 5.829382123395805e-03, 5.932322703301907e-03, 6.034233238277768e-03, 6.135085788766053e-03, 6.234855201627629e-03, 6.333518213990884e-03, 6.431051529943943e-03, 6.527433728778929e-03, 6.622644787224801e-03, 6.716666099080556e-03, 6.809479934589385e-03, 6.901070009917021e-03, 6.991421423620274e-03, 7.080519274731128e-03, 7.168350109054542e-03, 7.25490358834594e-03, 7.340167183429003e-03, 7.42413118316794e-03, 7.50678700177152e-03, 7.588125611192683e-03, 7.668140646499755e-03, 7.746824529021978e-03, 7.82417197281542e-03, 7.900179507215823e-03, 7.974840559249369e-03, 8.048154690272534e-03, 8.120116777718067e-03, 8.190725662752817e-03, 8.259982001192722e-03, 8.327882608449242e-03, 8.39442971093044e-03, 8.459622971713543e-03, 8.523463030103626e-03, 8.585954202628948e-03, 8.647095296431021e-03, 8.706893065587985e-03, 8.765347301959991e-03]
pmpNorth.m_flow=[0e+00, 6.262901204447757e-05, 1.245294679211985e-04, 1.858364048452047e-04, 2.466788246445796e-04, 3.071819082833827e-04, 3.674690526268023e-04, 4.276639737234536e-04, 4.878926484706531e-04, 5.482855630117008e-04, 6.089798989705741e-04, 6.70122259102901e-04, 7.318717248173217e-04, 7.944034014820571e-04, 8.57912368544115e-04, 9.226197144016623e-04, 9.887785258680102e-04, 1.056682169284781e-03, 1.126674736445561e-03, 1.199162699275408e-03, 1.274630660191178e-03, 1.353657300033081e-03, 1.436928130129484e-03, 1.525238782128111e-03, 1.619455894352773e-03, 1.720386324450374e-03, 1.828437195969359e-03, 1.94294442449178e-03, 2.061375473821402e-03, 2.18156550664539e-03, 2.303273882716894e-03, 2.426368768180144e-03, 2.550722505979485e-03, 2.676212987465178e-03, 2.802720405224442e-03, 2.930129878222942e-03, 3.058330045745966e-03, 3.187212798637037e-03, 3.31667467620184e-03, 3.44661494416109e-03, 3.576936665922403e-03, 3.707546632624522e-03, 3.838353807159372e-03, 3.969270951888798e-03, 4.100215030762181e-03, 4.231104627251625e-03, 4.361861975657919e-03, 4.492411638654895e-03, 4.622681283831239e-03, 4.752602304445623e-03, 4.882107488811016e-03, 5.011133041044618e-03, 5.139616562442895e-03, 5.267499236964336e-03, 5.394725007938357e-03, 5.521239247173071e-03, 5.64698933463215e-03, 5.771926375880424e-03, 5.896001818238569e-03, 6.019171210243866e-03, 6.141390651464462e-03, 6.262618232062532e-03, 6.382815302220064e-03, 6.501943112274373e-03, 6.619966942449711e-03, 6.736852694302797e-03, 6.852567771225998e-03, 6.967081905366642e-03, 7.080365688554097e-03, 7.192392261519029e-03, 7.303136400878429e-03, 7.412572494941747e-03, 7.520679123462964e-03, 7.627433428988779e-03, 7.732816871865017e-03, 7.836810313165188e-03, 7.939395591779344e-03, 8.040557806763897e-03, 8.140280653678819e-03, 8.23855204504822e-03, 8.335358463227749e-03, 8.430688280573863e-03, 8.524532607150298e-03, 8.6168794074113e-03, 8.707722992038178e-03, 8.797053247690201e-03, 8.884866389277388e-03, 8.971155783946297e-03, 9.055916990773249e-03, 9.139146969761845e-03, 9.220840409398079e-03, 9.300997177319753e-03, 9.379615224075427e-03, 9.456694911607286e-03, 9.532234916115691e-03, 9.606236591935158e-03, 9.678700664753015e-03, 9.749631530960697e-03, 9.819029699197462e-03, 9.886899287097444e-03, 9.953243657946587e-03]
time=[0e+00, 5e+00]
