last-generated=2017-09-20
statistics-initialization=
{
  "numerical Jacobians": "0", 
  "nonlinear": "1, 1, 11, 1, 1, 1, 1, 1, 1"
}
statistics-simulation=
{
  "numerical Jacobians": "0", 
  "nonlinear": "0, 0, 11, 0, 1, 0, 1, 1, 1", 
  "number of continuous time states": "74", 
  "linear": "24"
}
pmpSouth.m_flow=[0e+00, 3.545588970184326e+00, 5.229339122772217e+00, 5.277144432067871e+00, 5.182986736297607e+00, 5.114256858825684e+00, 5.076239109039307e+00, 5.063357353210449e+00, 5.0704026222229e+00, 5.091779232025146e+00, 5.122071266174316e+00, 5.155332565307617e+00, 5.186187744140625e+00, 5.221305370330811e+00, 5.256616592407227e+00, 5.289435386657715e+00, 5.318986892700195e+00, 5.345248699188232e+00, 5.368416786193848e+00, 5.388723373413086e+00, 5.406383037567139e+00, 5.421582698822021e+00, 5.434479236602783e+00, 5.44520378112793e+00, 5.45386266708374e+00, 5.460541248321533e+00, 5.465303897857666e+00, 5.77844762802124e+00, 6.106607437133789e+00, 6.244128227233887e+00, 6.263260841369629e+00, 6.233724117279053e+00, 6.194435596466064e+00, 6.158918380737305e+00, 6.128512859344482e+00, 6.101109504699707e+00, 6.074445724487305e+00, 6.043452262878418e+00, 6.012558937072754e+00, 5.98076343536377e+00, 5.945429801940918e+00, 5.905559062957764e+00, 5.860684871673584e+00, 5.810429573059082e+00, 5.754378318786621e+00, 5.692054271697998e+00, 5.622912406921387e+00, 5.546346187591553e+00, 5.461686611175537e+00, 5.368211269378662e+00, 5.265146255493164e+00, 4.081645011901855e+00, 1.599254965782166e+00, 4.92885559797287e-01, 9.562032669782639e-02, 1.8954087048769e-02, 1.220620609819889e-02, 1.135315652936697e-02, 1.070230267941952e-02, 9.921866469085217e-03, 9.048172272741795e-03, 8.114106021821499e-03, 7.143206428736448e-03, 6.157936528325081e-03, 5.182895809412003e-03, 4.244772717356682e-03, 3.370488993823528e-03, 2.584406640380621e-03, 1.905211363919079e-03, 1.343544921837747e-03, 9.008868946693838e-04, 5.700594047084451e-04, 3.371303318999708e-04, 1.840682234615088e-04, 9.147933451458812e-05, 4.096810152987018e-05, 1.685576899035368e-05, 6.987429514992982e-06, 3.421445626372588e-06, 2.669594550752663e-06, 2.69685051534907e-06, 2.496097522453056e-06, 1.950173327713856e-06, 1.325553853348538e-06, 8.082505473794299e-07, 4.511917950367206e-07, 2.339286453434397e-07, 1.140191727699857e-07, 5.285763648998909e-08, 2.364379092512081e-08, 1.041000619039778e-08, 4.623213367693779e-09, 2.157892975418463e-09, 1.100458613123578e-09, 6.324726853357276e-10, 4.206693049457755e-10, 3.275684168357884e-10, 2.859861236714778e-10, 2.695989265166787e-10, 2.672201904196925e-10, 2.720962066771193e-10]
pmpNorth.m_flow=[0e+00, 3.940250158309937e+00, 5.780928134918213e+00, 5.808576107025146e+00, 5.689266204833984e+00, 5.604330062866211e+00, 5.557217597961426e+00, 5.54055643081665e+00, 5.54783821105957e+00, 5.57225227355957e+00, 5.607275009155273e+00, 5.646488666534424e+00, 5.681771278381348e+00, 5.721962928771973e+00, 5.762668132781982e+00, 5.800478935241699e+00, 5.83441162109375e+00, 5.86444091796875e+00, 5.890820026397705e+00, 5.913846969604492e+00, 5.933798789978027e+00, 5.950913429260254e+00, 5.965392589569092e+00, 5.977402687072754e+00, 5.98707914352417e+00, 5.994529724121094e+00, 5.999836444854736e+00, 6.391314029693604e+00, 6.808346748352051e+00, 6.98150634765625e+00, 7.00043773651123e+00, 6.957550048828125e+00, 6.904164791107178e+00, 6.857476234436035e+00, 6.818716049194336e+00, 6.784785747528076e+00, 6.752520561218262e+00, 6.716271877288818e+00, 6.678719997406006e+00, 6.640992641448975e+00, 6.599323272705078e+00, 6.552196502685547e+00, 6.49893856048584e+00, 6.439034461975098e+00, 6.371936798095703e+00, 6.297019958496094e+00, 6.213576793670654e+00, 6.120829582214355e+00, 6.017936229705811e+00, 5.904007434844971e+00, 5.778125286102295e+00, 4.468039512634277e+00, 1.749542236328125e+00, 5.354288220405579e-01, 1.080392673611641e-01, 2.143702656030655e-02, 1.377908326685429e-02, 1.277627609670162e-02, 1.199362333863974e-02, 1.106033008545637e-02, 1.002143509685993e-02, 8.918499574065208e-03, 7.782907225191593e-03, 6.644608918577433e-03, 5.534810945391655e-03, 4.484970588237047e-03, 3.524107625707984e-03, 2.675752155482769e-03, 1.955284969881177e-03, 1.36860681232065e-03, 9.122069459408522e-04, 5.746064707636833e-04, 3.387240285519511e-04, 1.845439401222393e-04, 9.159692854154855e-05, 4.099169382243417e-05, 1.685976349108387e-05, 6.988143923081225e-06, 3.421674591663759e-06, 2.669841478564194e-06, 2.697410536711686e-06, 2.497364448572625e-06, 1.952416369022103e-06, 1.328665916844329e-06, 8.117674497043481e-07, 4.545422029877955e-07, 2.366922728924692e-07, 1.160365741270653e-07, 5.418605297791146e-08, 2.444893176800633e-08, 1.087037659885937e-08, 4.87875739807464e-09, 2.301915991154146e-09, 1.186450604429012e-09, 6.887803105648516e-10, 4.623354477040209e-10, 3.629351263967351e-10, 3.190677999587166e-10, 3.025342476536963e-10, 3.012907701105405e-10, 3.079581589737757e-10]
time=[0e+00, 1e+03]
