last-generated=2017-09-20
statistics-simulation=
{
  "numerical Jacobians": "0", 
  "nonlinear": " ", 
  "number of continuous time states": "20", 
  "linear": " "
}
oriWesTop.port_a.m_flow=[5.965141952037811e-02, 3.159583313390613e-03, 2.794722095131874e-03, 2.469617407768965e-03, 2.173710381612182e-03, 1.906718476675451e-03, 1.670469529926777e-03, 1.458732993341982e-03, 1.271214103326201e-03, 1.101668691262603e-03, 9.482225868850946e-04, 8.078081300482154e-04, 6.785838049836457e-04, 5.575322429649532e-04, 4.447117098607121e-04, 3.39431397151202e-04, 2.41482601268217e-04, 1.502995146438479e-04, 6.600836059078574e-05, -1.127313771576155e-05, -8.156773401424289e-05, -1.451103889849037e-04, -2.021794207394123e-04, -2.532297221478075e-04, -2.986995095852762e-04, -3.391678910702467e-04, -3.750834730453789e-04, -4.06874460168183e-04, -4.349674563854934e-04, -4.59786708233878e-04, -4.815607680939138e-04, -5.007426952943206e-04, -5.179895088076591e-04, -5.334438756108284e-04, -5.472475895658135e-04, -5.595414550043643e-04, -5.704654031433165e-04, -5.801586084999144e-04, -5.887594306841493e-04, -5.964057054370642e-04, -6.032346864230931e-04, -6.093832780607045e-04, -6.149878608994186e-04, -6.201053620316088e-04, -6.247708224691451e-04, -6.290831952355802e-04, -6.330609321594238e-04, -6.367224268615246e-04, -6.40086131170392e-04, -6.431702640838921e-04, -6.459932192228734e-04, -6.48573215585202e-04, -6.509285303764045e-04, -6.530773243866861e-04, -6.550378166139126e-04, -6.568281096406281e-04, -6.584664224646986e-04, -6.599709158763289e-04, -6.613595760427415e-04, -6.626255344599485e-04, -6.637810729444027e-04, -6.648312555626035e-04, -6.65780040435493e-04, -6.666312692686915e-04, -6.673889001831412e-04, -6.680567748844624e-04, -6.686389097012579e-04, -6.691390299238265e-04, -6.695612100884318e-04, -6.699091754853725e-04, -6.701869424432516e-04, -6.703982944600284e-04, -6.705471896566451e-04, -6.706374697387218e-04, -6.706666317768395e-04, -6.706364220008254e-04, -6.705587147735059e-04, -6.704348488710821e-04, -6.70266046654433e-04, -6.700536468997598e-04, -6.697988137602806e-04, -6.695030024275184e-04, -6.691673188470304e-04, -6.687931017950177e-04, -6.683816318400204e-04, -6.679341895505786e-04, -6.674520554952323e-04, -6.669364520348608e-04, -6.663887179456651e-04, -6.658100755885243e-04, -6.652017473243177e-04, -6.645651301369071e-04, -6.639013881795108e-04, -6.632118602283299e-04, -6.624977686442435e-04, -6.617603939957917e-04, -6.610009586438537e-04, -6.602208013646305e-04, -6.594212027266622e-04, -6.586033850908279e-04, -6.57768570818007e-04]
dooOpeClo.mBA_flow=[2.152271270751953e-01, 2.824966311454773e-01, 2.385994344949722e-01, 2.032696157693863e-01, 1.757190972566605e-01, 1.539170295000076e-01, 1.362419277429581e-01, 1.214661970734596e-01, 1.087431758642197e-01, 9.811923652887344e-02, 8.942046016454697e-02, 8.239780366420746e-02, 7.764817774295807e-02, 7.73637443780899e-02, 7.745508104562759e-02, 7.746800035238266e-02, 7.730299979448318e-02, 7.748828828334808e-02, 7.991018146276474e-02, 8.310090750455856e-02, 8.628989011049271e-02, 8.935203403234482e-02, 9.221695363521576e-02, 9.473996609449387e-02, 9.694880992174149e-02, 9.891597926616669e-02, 1.006522551178932e-01, 1.021702662110329e-01, 1.034859791398048e-01, 1.046184599399567e-01, 1.05576291680336e-01, 1.0638477653265e-01, 1.070848405361176e-01, 1.076837107539177e-01, 1.081890910863876e-01, 1.086090207099915e-01, 1.089518070220947e-01, 1.092259436845779e-01, 1.094400584697723e-01, 1.096028685569763e-01, 1.097231581807137e-01, 1.098097562789917e-01, 1.098715215921402e-01, 1.099120602011681e-01, 1.099327579140663e-01, 1.099396720528603e-01, 1.099337786436081e-01, 1.09916053712368e-01, 1.098874881863594e-01, 1.098490580916405e-01, 1.098017543554306e-01, 1.097465679049492e-01, 1.09684482216835e-01, 1.096164882183075e-01, 1.09543576836586e-01, 1.094667464494705e-01, 1.093869805335999e-01, 1.09305277466774e-01, 1.092226281762123e-01, 1.091385334730148e-01, 1.090532839298248e-01, 1.089670211076736e-01, 1.088798195123672e-01, 1.08791783452034e-01, 1.087029874324799e-01, 1.08613520860672e-01, 1.085234805941582e-01, 1.08432948589325e-01, 1.083420068025589e-01, 1.082507446408272e-01, 1.081592589616776e-01, 1.080676317214966e-01, 1.079759448766708e-01, 1.078842878341675e-01, 1.077926680445671e-01, 1.077010482549667e-01, 1.076095327734947e-01, 1.075181439518929e-01, 1.074268743395805e-01, 1.073357313871384e-01, 1.072447225451469e-01, 1.071538552641869e-01, 1.070631369948387e-01, 1.069725677371025e-01, 1.068821549415588e-01, 1.067919060587883e-01, 1.067018285393715e-01, 1.066119149327278e-01, 1.065221875905991e-01, 1.064326465129852e-01, 1.063432916998863e-01, 1.062541306018829e-01, 1.061651706695557e-01, 1.060764119029045e-01, 1.059878692030907e-01, 1.058995425701141e-01, 1.058114394545555e-01, 1.057235598564148e-01, 1.056359186768532e-01, 1.055485084652901e-01, 1.054613441228867e-01]
oriOutBot.port_a.m_flow=[3.664507865905762e-01, -9.056120179593563e-03, -8.959105238318443e-03, -8.889339864253998e-03, -8.836316876113415e-03, -8.793888613581657e-03, -8.758610114455223e-03, -8.728260174393654e-03, -8.70155356824398e-03, -8.677398785948753e-03, -8.65525845438242e-03, -8.6346585303545e-03, -8.615206927061081e-03, -8.596662431955338e-03, -8.578905835747719e-03, -8.561871014535427e-03, -8.545514196157455e-03, -8.529771119356155e-03, -8.514645509421825e-03, -8.500149473547935e-03, -8.486262522637844e-03, -8.472957648336887e-03, -8.460213430225849e-03, -8.447992615401745e-03, -8.436258882284164e-03, -8.424963802099228e-03, -8.414071053266525e-03, -8.403543382883072e-03, -8.393344469368458e-03, -8.383437059819698e-03, -8.373801596462727e-03, -8.364398963749409e-03, -8.355166763067245e-03, -8.346094749867916e-03, -8.337169885635376e-03, -8.32838099449873e-03, -8.319715037941933e-03, -8.311161771416664e-03, -8.302707225084305e-03, -8.294339291751385e-03, -8.286046795547009e-03, -8.277816697955132e-03, -8.269636891782284e-03, -8.261502720415592e-03, -8.253410458564758e-03, -8.24535358697176e-03, -8.237329311668873e-03, -8.229336701333523e-03, -8.22137575596571e-03, -8.213442750275135e-03, -8.205537684261799e-03, -8.197659626603127e-03, -8.189805783331394e-03, -8.181976154446602e-03, -8.174167945981026e-03, -8.166381157934666e-03, -8.158613927662373e-03, -8.150864392518997e-03, -8.14313068985939e-03, -8.135414682328701e-03, -8.127715438604355e-03, -8.120032027363777e-03, -8.112366311252117e-03, -8.104715496301651e-03, -8.097081445157528e-03, -8.089464157819748e-03, -8.081861771643162e-03, -8.074275217950344e-03, -8.06670356541872e-03, -8.059148676693439e-03, -8.051607757806778e-03, -8.044082671403885e-03, -8.036572486162186e-03, -8.029076270759106e-03, -8.021595887839794e-03, -8.014129474759102e-03, -8.006677962839603e-03, -7.999241352081299e-03, -7.991818711161613e-03, -7.984410971403122e-03, -7.97701720148325e-03, -7.969637401401997e-03, -7.962273433804512e-03, -7.954922504723072e-03, -7.947586476802826e-03, -7.940264418721199e-03, -7.932956330478191e-03, -7.925662212073803e-03, -7.918382994830608e-03, -7.911116816103458e-03, -7.903865538537502e-03, -7.896628230810165e-03, -7.889404892921448e-03, -7.882194593548775e-03, -7.874999195337296e-03, -7.867816835641861e-03, -7.860648445785046e-03, -7.85349402576685e-03, -7.846353575587273e-03, -7.83922616392374e-03, -7.832111790776253e-03]
dooOpeClo.mAB_flow=[5.073046088218689e-01, 2.85656064748764e-01, 2.413920313119888e-01, 2.057393938302994e-01, 1.778926700353622e-01, 1.558244675397873e-01, 1.379114985466003e-01, 1.229256764054298e-01, 1.100141778588295e-01, 9.921955317258835e-02, 9.036951512098312e-02, 8.320590853691101e-02, 7.832644134759903e-02, 7.792141288518906e-02, 7.789977639913559e-02, 7.780741900205612e-02, 7.754445821046829e-02, 7.763860374689102e-02, 7.997608184814453e-02, 8.308961987495422e-02, 8.620831370353699e-02, 8.920688182115555e-02, 9.201475977897644e-02, 9.448676556348801e-02, 9.66501459479332e-02, 9.85766127705574e-02, 1.002768650650978e-01, 1.017632707953453e-01, 1.030512228608131e-01, 1.04158990085125e-01, 1.050948053598404e-01, 1.058841273188591e-01, 1.065667793154716e-01, 1.071499809622765e-01, 1.076413989067078e-01, 1.080489754676819e-01, 1.08380913734436e-01, 1.086455434560776e-01, 1.088513135910034e-01, 1.090067401528358e-01, 1.091203987598419e-01, 1.092008873820305e-01, 1.09256811439991e-01, 1.092919632792473e-01, 1.093079969286919e-01, 1.093105897307396e-01, 1.093007028102875e-01, 1.092793047428131e-01, 1.092473641037941e-01, 1.09205849468708e-01, 1.091557294130325e-01, 1.090979725122452e-01, 1.09033539891243e-01, 1.089634150266647e-01, 1.08888566493988e-01, 1.088099554181099e-01, 1.087285578250885e-01, 1.086453422904015e-01, 1.085612773895264e-01, 1.084759160876274e-01, 1.083895042538643e-01, 1.083021908998489e-01, 1.082140430808067e-01, 1.081251502037048e-01, 1.080355942249298e-01, 1.079454645514488e-01, 1.078548431396484e-01, 1.077638044953346e-01, 1.076724454760551e-01, 1.07580840587616e-01, 1.074890792369843e-01, 1.07397235929966e-01, 1.073054000735283e-01, 1.072136610746384e-01, 1.071220114827156e-01, 1.07030414044857e-01, 1.069389805197716e-01, 1.068477109074593e-01, 1.067566052079201e-01, 1.066656783223152e-01, 1.065749228000641e-01, 1.064843535423279e-01, 1.063939705491066e-01, 1.063037738204002e-01, 1.062137708067894e-01, 1.061239689588547e-01, 1.060343757271767e-01, 1.059449836611748e-01, 1.058558002114296e-01, 1.057668328285217e-01, 1.056780889630318e-01, 1.055895611643791e-01, 1.055012717843056e-01, 1.054132059216499e-01, 1.053253784775734e-01, 1.05237789452076e-01, 1.051504462957382e-01, 1.050633490085602e-01, 1.049765050411224e-01, 1.04889914393425e-01, 1.048035845160484e-01]
oriOutTop.port_a.m_flow=[3.666385412216187e-01, 9.055683389306068e-03, 8.958860300481319e-03, 8.889204822480679e-03, 8.836254477500916e-03, 8.793859742581844e-03, 8.758601732552052e-03, 8.728289976716042e-03, 8.701592683792114e-03, 8.677450008690357e-03, 8.655314333736897e-03, 8.634721860289574e-03, 8.615272119641304e-03, 8.596732281148434e-03, 8.578978478908539e-03, 8.561945520341396e-03, 8.545591495931149e-03, 8.529850281774998e-03, 8.514727465808392e-03, 8.500234223902225e-03, 8.486350066959858e-03, 8.47304705530405e-03, 8.460305631160736e-03, 8.448086678981781e-03, 8.43635480850935e-03, 8.425062522292137e-03, 8.414171636104584e-03, 8.40364582836628e-03, 8.39344784617424e-03, 8.383541367948055e-03, 8.373906835913658e-03, 8.36450420320034e-03, 8.355272933840752e-03, 8.346201851963997e-03, 8.337276987731457e-03, 8.32848809659481e-03, 8.319823071360588e-03, 8.311268873512745e-03, 8.302814327180386e-03, 8.29444732517004e-03, 8.286154828965664e-03, 8.277924731373787e-03, 8.269744925200939e-03, 8.261609822511673e-03, 8.253517560660839e-03, 8.245460689067841e-03, 8.237436413764954e-03, 8.229443803429604e-03, 8.221481926739216e-03, 8.213548921048641e-03, 8.205643855035305e-03, 8.197764866054058e-03, 8.1899119541049e-03, 8.182081393897533e-03, 8.174273185431957e-03, 8.166486397385597e-03, 8.15871823579073e-03, 8.15096776932478e-03, 8.143234066665173e-03, 8.135518059134483e-03, 8.127818815410137e-03, 8.120135404169559e-03, 8.112468756735325e-03, 8.104817941784859e-03, 8.097183890640736e-03, 8.089565671980381e-03, 8.081963285803795e-03, 8.074376732110977e-03, 8.066805079579353e-03, 8.059249259531498e-03, 8.051708340644836e-03, 8.044183254241943e-03, 8.03667213767767e-03, 8.02917592227459e-03, 8.021695539355278e-03, 8.014229126274586e-03, 8.006776683032513e-03, 7.999340072274208e-03, 7.991916500031948e-03, 7.984508760273457e-03, 7.977114990353584e-03, 7.969735190272331e-03, 7.962370291352272e-03, 7.955019362270832e-03, 7.947682403028011e-03, 7.940360344946384e-03, 7.933052256703377e-03, 7.925758138298988e-03, 7.918477989733219e-03, 7.911212742328644e-03, 7.903960533440113e-03, 7.896723225712776e-03, 7.889498956501484e-03, 7.882288657128811e-03, 7.875093258917332e-03, 7.867910899221897e-03, 7.860742509365082e-03, 7.853587158024311e-03, 7.84644577652216e-03, 7.839318364858627e-03, 7.832204923033714e-03]
time=[0e+00, 3.6e+03]
oriEasTop.port_a.m_flow=[-5.94506673514843e-02, 3.159829415380955e-03, 2.794688567519188e-03, 2.469846745952964e-03, 2.173359273001552e-03, 1.907259807921946e-03, 1.669354736804962e-03, 1.459199818782508e-03, 1.271186862140894e-03, 1.101739588193595e-03, 9.482692112214863e-04, 8.083620923571289e-04, 6.782641867175698e-04, 5.575701943598688e-04, 4.446234670467673e-04, 3.393421648070216e-04, 2.413914335193112e-04, 1.502071681898087e-04, 6.591487908735871e-05, -1.136827631853521e-05, -8.166451152646914e-05, -1.452088181395084e-04, -2.022793341893703e-04, -2.533309743739665e-04, -2.988020132761449e-04, -3.392717044334859e-04, -3.75188363250345e-04, -4.0698004886508e-04, -4.350734816398473e-04, -4.598932282533497e-04, -4.816679575014859e-04, -5.008502048440278e-04, -5.180974258109927e-04, -5.335522000677884e-04, -5.473562050610781e-04, -5.596501869149506e-04, -5.705741350539029e-04, -5.802671075798571e-04, -5.888676969334483e-04, -5.965136224403977e-04, -6.03342370595783e-04, -6.094907294027507e-04, -6.150953704491258e-04, -6.202128133736551e-04, -6.248780991882086e-04, -6.291902391240001e-04, -6.33167801424861e-04, -6.368290632963181e-04, -6.401925347745419e-04, -6.432764348573983e-04, -6.46099098958075e-04, -6.486788624897599e-04, -6.51033828034997e-04, -6.53182331006974e-04, -6.55142473988235e-04, -6.569324759766459e-04, -6.585704977624118e-04, -6.600747001357377e-04, -6.614631856791675e-04, -6.627288530580699e-04, -6.638841005042195e-04, -6.649340502917767e-04, -6.658825441263616e-04, -6.667334819212556e-04, -6.674908217974007e-04, -6.681584636680782e-04, -6.687402492389083e-04, -6.692401366308331e-04, -6.69661967549473e-04, -6.700096419081092e-04, -6.702871178276837e-04, -6.704981788061559e-04, -6.706468411721289e-04, -6.707368302159011e-04, -6.707657012157142e-04, -6.707352004013956e-04, -6.706572021357715e-04, -6.70533103402704e-04, -6.703640683554113e-04, -6.701514357700944e-04, -6.698964280076325e-04, -6.696003838442266e-04, -6.69264467433095e-04, -6.688900757580996e-04, -6.684783729724586e-04, -6.680306396447122e-04, -6.675482145510614e-04, -6.670323200523853e-04, -6.664842367172241e-04, -6.659052451141179e-04, -6.652966258116066e-04, -6.646596593782306e-04, -6.639955681748688e-04, -6.633056909777224e-04, -6.625912501476705e-04, -6.618535844609141e-04, -6.610938580706716e-04, -6.603134679608047e-04, -6.595136946998537e-04, -6.586957024410367e-04, -6.578608881682158e-04]
volOut.T=[2.831499938964844e+02, 2.831499938964844e+02]
volBotWes.T=[2.951499938964844e+02, 2.943328857421875e+02, 2.9456591796875e+02, 2.947159729003906e+02, 2.948160400390625e+02, 2.948851318359375e+02, 2.949336242675781e+02, 2.949681396484375e+02, 2.949925537109375e+02, 2.950099792480469e+02, 2.950220031738281e+02, 2.950299987792969e+02, 2.950350646972656e+02, 2.950378723144531e+02, 2.950387878417969e+02, 2.950379638671875e+02, 2.950354919433594e+02, 2.950315856933594e+02, 2.950261840820312e+02, 2.950192565917969e+02, 2.950107421875e+02, 2.950006713867188e+02, 2.949890441894531e+02, 2.9497607421875e+02, 2.949617919921875e+02, 2.949463500976562e+02, 2.949299011230469e+02, 2.949125061035156e+02, 2.94894287109375e+02, 2.948753662109375e+02, 2.948557739257812e+02, 2.948356628417969e+02, 2.948151550292969e+02, 2.947943115234375e+02, 2.947731628417969e+02, 2.947517395019531e+02, 2.947301025390625e+02, 2.94708251953125e+02, 2.946862182617188e+02, 2.946640625e+02, 2.946418151855469e+02, 2.946195068359375e+02, 2.9459716796875e+02, 2.945747985839844e+02, 2.945524291992188e+02, 2.945300598144531e+02, 2.945077209472656e+02, 2.944854125976562e+02, 2.94463134765625e+02, 2.944408569335938e+02, 2.944186401367188e+02, 2.943964233398438e+02, 2.94374267578125e+02, 2.943521728515625e+02, 2.943301086425781e+02, 2.943080749511719e+02, 2.942861328125e+02, 2.942642211914062e+02, 2.942423706054688e+02, 2.942205810546875e+02, 2.941988830566406e+02, 2.941772155761719e+02, 2.941556091308594e+02, 2.941340637207031e+02, 2.941125793457031e+02, 2.940911560058594e+02, 2.9406982421875e+02, 2.940485229492188e+02, 2.940272827148438e+02, 2.94006103515625e+02, 2.939849853515625e+02, 2.939639282226562e+02, 2.939429626464844e+02, 2.939220275878906e+02, 2.939011535644531e+02, 2.9388037109375e+02, 2.93859619140625e+02, 2.938389282226562e+02, 2.938183288574219e+02, 2.937977600097656e+02, 2.937772521972656e+02, 2.937568359375e+02, 2.937364501953125e+02, 2.937161254882812e+02, 2.936958618164062e+02, 2.936756896972656e+02, 2.936555480957031e+02, 2.936354675292969e+02, 2.936154479980469e+02, 2.935954895019531e+02, 2.935755920410156e+02, 2.935557250976562e+02, 2.935359497070312e+02, 2.935162353515625e+02, 2.934965515136719e+02, 2.934769592285156e+02, 2.934573974609375e+02, 2.934378967285156e+02, 2.9341845703125e+02, 2.933990783691406e+02, 2.933797607421875e+02]
volBotEas.T=[2.981499938964844e+02, 2.964795532226562e+02, 2.961827087402344e+02, 2.959715270996094e+02, 2.958123168945312e+02, 2.956856994628906e+02, 2.955809326171875e+02, 2.954912414550781e+02, 2.9541259765625e+02, 2.953417053222656e+02, 2.952769165039062e+02, 2.95216796875e+02, 2.951602172851562e+02, 2.951063842773438e+02, 2.950549621582031e+02, 2.950057678222656e+02, 2.949586181640625e+02, 2.949133605957031e+02, 2.948699340820312e+02, 2.948284301757812e+02, 2.947887573242188e+02, 2.947507934570312e+02, 2.947145080566406e+02, 2.946797485351562e+02, 2.946464538574219e+02, 2.946144409179688e+02, 2.945836181640625e+02, 2.945538940429688e+02, 2.945251159667969e+02, 2.944971923828125e+02, 2.944700927734375e+02, 2.944436645507812e+02, 2.944177551269531e+02, 2.94392333984375e+02, 2.943673400878906e+02, 2.943427734375e+02, 2.943185729980469e+02, 2.942947387695312e+02, 2.942711791992188e+02, 2.942478942871094e+02, 2.94224853515625e+02, 2.942019958496094e+02, 2.941793212890625e+02, 2.941567687988281e+02, 2.941343994140625e+02, 2.941121215820312e+02, 2.940899658203125e+02, 2.940679321289062e+02, 2.940460205078125e+02, 2.940242004394531e+02, 2.940024719238281e+02, 2.939808349609375e+02, 2.939593200683594e+02, 2.939378662109375e+02, 2.9391650390625e+02, 2.938952026367188e+02, 2.938740234375e+02, 2.938528747558594e+02, 2.938318176269531e+02, 2.938108215332031e+02, 2.937898864746094e+02, 2.9376904296875e+02, 2.937482299804688e+02, 2.937275085449219e+02, 2.937068481445312e+02, 2.936862487792969e+02, 2.936657409667969e+02, 2.93645263671875e+02, 2.936248474121094e+02, 2.936045227050781e+02, 2.935842590332031e+02, 2.935640258789062e+02, 2.935438842773438e+02, 2.935238037109375e+02, 2.935037536621094e+02, 2.934837951660156e+02, 2.934638977050781e+02, 2.934440307617188e+02, 2.934242553710938e+02, 2.93404541015625e+02, 2.933848571777344e+02, 2.93365234375e+02, 2.93345703125e+02, 2.933262023925781e+02, 2.933067626953125e+02, 2.932873840332031e+02, 2.9326806640625e+02, 2.932488098144531e+02, 2.932296142578125e+02, 2.932104797363281e+02, 2.931913757324219e+02, 2.931723327636719e+02, 2.931533813476562e+02, 2.931344604492188e+02, 2.931156005859375e+02, 2.930967712402344e+02, 2.930780334472656e+02, 2.93059326171875e+02, 2.930406799316406e+02, 2.930220947265625e+02, 2.930035705566406e+02]
volTopEas.T=[2.941499938964844e+02, 2.929861450195312e+02, 2.929529113769531e+02, 2.929234008789062e+02, 2.928970336914062e+02, 2.928733520507812e+02, 2.928519897460938e+02, 2.928326110839844e+02, 2.928150024414062e+02, 2.927988891601562e+02, 2.927841491699219e+02, 2.927705688476562e+02, 2.92758056640625e+02, 2.927464599609375e+02, 2.927357177734375e+02, 2.927257385253906e+02, 2.927164001464844e+02, 2.927076721191406e+02, 2.926994934082031e+02, 2.926918029785156e+02, 2.926845703125e+02, 2.926778259277344e+02, 2.926714477539062e+02, 2.926654663085938e+02, 2.926598205566406e+02, 2.926545104980469e+02, 2.926494750976562e+02, 2.926447143554688e+02, 2.926402282714844e+02, 2.926359558105469e+02, 2.926319274902344e+02, 2.926281127929688e+02, 2.926244506835938e+02, 2.926209716796875e+02, 2.9261767578125e+02, 2.926145324707031e+02, 2.926115112304688e+02, 2.926086730957031e+02, 2.926059265136719e+02, 2.926033325195312e+02, 2.92600830078125e+02, 2.925984497070312e+02, 2.9259619140625e+02, 2.92593994140625e+02, 2.925919189453125e+02, 2.925899047851562e+02, 2.925879821777344e+02, 2.925861206054688e+02, 2.925843200683594e+02, 2.925826110839844e+02, 2.925809936523438e+02, 2.925794067382812e+02, 2.925779113769531e+02, 2.925764465332031e+02, 2.925750732421875e+02, 2.9257373046875e+02, 2.925724792480469e+02, 2.925712585449219e+02, 2.92570068359375e+02, 2.925689392089844e+02, 2.9256787109375e+02, 2.925668334960938e+02, 2.925658569335938e+02, 2.925649108886719e+02, 2.925639953613281e+02, 2.925631408691406e+02, 2.925623168945312e+02, 2.925614929199219e+02, 2.925607604980469e+02, 2.925600280761719e+02, 2.92559326171875e+02, 2.925586547851562e+02, 2.925580139160156e+02, 2.925574340820312e+02, 2.925568542480469e+02, 2.925563049316406e+02, 2.925557556152344e+02, 2.925552673339844e+02, 2.925547790527344e+02, 2.925543212890625e+02, 2.925538635253906e+02, 2.92553466796875e+02, 2.925530395507812e+02, 2.925526733398438e+02, 2.925523071289062e+02, 2.925519409179688e+02, 2.925516357421875e+02, 2.925513000488281e+02, 2.925509948730469e+02, 2.925507202148438e+02, 2.925504455566406e+02, 2.925502014160156e+02, 2.925499572753906e+02, 2.925497131347656e+02, 2.925494995117188e+02, 2.925492858886719e+02, 2.925491027832031e+02, 2.925488891601562e+02, 2.925487365722656e+02, 2.925485534667969e+02, 2.925484008789062e+02]
volTopWes.T=[2.931499938964844e+02, 2.920668334960938e+02, 2.921031188964844e+02, 2.921351928710938e+02, 2.921636657714844e+02, 2.921891174316406e+02, 2.922119750976562e+02, 2.922325744628906e+02, 2.922512817382812e+02, 2.922682800292969e+02, 2.922837829589844e+02, 2.922979736328125e+02, 2.9231103515625e+02, 2.923230285644531e+02, 2.923341064453125e+02, 2.923443603515625e+02, 2.923538513183594e+02, 2.923627014160156e+02, 2.923709716796875e+02, 2.92378662109375e+02, 2.923858947753906e+02, 2.923927307128906e+02, 2.923992004394531e+02, 2.924053344726562e+02, 2.924111022949219e+02, 2.924165954589844e+02, 2.924218444824219e+02, 2.924267883300781e+02, 2.924315185546875e+02, 2.9243603515625e+02, 2.924403076171875e+02, 2.924443969726562e+02, 2.924483337402344e+02, 2.924520874023438e+02, 2.924556579589844e+02, 2.924591064453125e+02, 2.9246240234375e+02, 2.924655456542969e+02, 2.924685668945312e+02, 2.924714660644531e+02, 2.924742431640625e+02, 2.924769287109375e+02, 2.924794921875e+02, 2.924819946289062e+02, 2.92484375e+02, 2.924866638183594e+02, 2.924888916015625e+02, 2.924910583496094e+02, 2.924931335449219e+02, 2.924951171875e+02, 2.924970397949219e+02, 2.924989013671875e+02, 2.925007019042969e+02, 2.925024108886719e+02, 2.925040893554688e+02, 2.925057067871094e+02, 2.925072326660156e+02, 2.925087280273438e+02, 2.925101928710938e+02, 2.925115661621094e+02, 2.925129089355469e+02, 2.925141906738281e+02, 2.925154418945312e+02, 2.925166320800781e+02, 2.925177917480469e+02, 2.925189208984375e+02, 2.925199890136719e+02, 2.925210266113281e+02, 2.925220336914062e+02, 2.925229797363281e+02, 2.9252392578125e+02, 2.925248107910156e+02, 2.925256652832031e+02, 2.925264892578125e+02, 2.925272827148438e+02, 2.925280456542969e+02, 2.9252880859375e+02, 2.925295104980469e+02, 2.925302124023438e+02, 2.925308532714844e+02, 2.92531494140625e+02, 2.925321350097656e+02, 2.9253271484375e+02, 2.925332946777344e+02, 2.925338439941406e+02, 2.925343627929688e+02, 2.925348815917969e+02, 2.925353698730469e+02, 2.925358581542969e+02, 2.925363159179688e+02, 2.925367431640625e+02, 2.925371704101562e+02, 2.925375671386719e+02, 2.925379333496094e+02, 2.92538330078125e+02, 2.925386657714844e+02, 2.925390319824219e+02, 2.925393371582031e+02, 2.925396728515625e+02, 2.925399780273438e+02, 2.925402526855469e+02]
dooOpeClo.dpAB[1]=[1.630439311265945e-01, 8.884292095899582e-02, 6.774209439754486e-02, 5.340586230158806e-02, 4.31620180606842e-02, 3.546060249209404e-02, 2.944868430495262e-02, 2.458817884325981e-02, 2.056318894028664e-02, 1.711912080645561e-02, 1.412770617753267e-02, 1.147889718413353e-02, 9.08218789845705e-03, 6.882583256810904e-03, 4.85244998708367e-03, 2.976913005113602e-03, 1.245729858055711e-03, -3.559105389285833e-04, -1.826692605391145e-03, -3.164515132084489e-03, -4.36980789527297e-03, -5.447139497846365e-03, -6.401760969310999e-03, -7.242653053253889e-03, -7.978345267474651e-03, -8.619797416031361e-03, -9.175651706755161e-03, -9.654203429818155e-03, -1.006375439465046e-02, -1.04126138612628e-02, -1.070511341094971e-02, -1.095022726804018e-02, -1.116119045764208e-02, -1.134065818041563e-02, -1.149128749966621e-02, -1.161573827266693e-02, -1.171667221933603e-02, -1.179675385355949e-02, -1.185865048319101e-02, -1.190503127872944e-02, -1.193856820464134e-02, -1.196193508803844e-02, -1.197780855000019e-02, -1.198728941380978e-02, -1.199081353843212e-02, -1.199019420892e-02, -1.198572758585215e-02, -1.197770889848471e-02, -1.196643617004156e-02, -1.195220462977886e-02, -1.193531230092049e-02, -1.191605441272259e-02, -1.189472991973162e-02, -1.18716349825263e-02, -1.18470685556531e-02, -1.182132866233587e-02, -1.179471332579851e-02, -1.176752056926489e-02, -1.174005027860403e-02, -1.1712153442204e-02, -1.168391294777393e-02, -1.165537256747484e-02, -1.162655558437109e-02, -1.159749086946249e-02, -1.156820170581341e-02, -1.153871510177851e-02, -1.15090562030673e-02, -1.147925201803446e-02, -1.144932862371206e-02, -1.141931023448706e-02, -1.138922479003668e-02, -1.135909743607044e-02, -1.132895518094301e-02, -1.129882223904133e-02, -1.126869954168797e-02, -1.123857591301203e-02, -1.120848581194878e-02, -1.117843016982079e-02, -1.114840991795063e-02, -1.111842785030603e-02, -1.108848489820957e-02, -1.105858292430639e-02, -1.10287219285965e-02, -1.099890377372503e-02, -1.096913125365973e-02, -1.093940436840057e-02, -1.090972498059273e-02, -1.088009495288134e-02, -1.085051521658897e-02, -1.082098763436079e-02, -1.079151313751936e-02, -1.076209358870983e-02, -1.073272991925478e-02, -1.070342399179935e-02, -1.067417673766613e-02, -1.064499001950026e-02, -1.061586569994688e-02, -1.058680471032858e-02, -1.055780798196793e-02, -1.052887830883265e-02, -1.050001569092274e-02]
oriOutBot.dp=[1.3243212890625e+03, -8.08809757232666e-01, -7.915735840797424e-01, -7.792934775352478e-01, -7.700246572494507e-01, -7.626476883888245e-01, -7.565410137176514e-01, -7.5130695104599e-01, -7.467163801193237e-01, -7.425764799118042e-01, -7.387919425964355e-01, -7.35279381275177e-01, -7.319703698158264e-01, -7.288225293159485e-01, -7.258148193359375e-01, -7.229352593421936e-01, -7.201757431030273e-01, -7.17524528503418e-01, -7.149822115898132e-01, -7.125496864318848e-01, -7.10223376750946e-01, -7.079980969429016e-01, -7.058698534965515e-01, -7.038320899009705e-01, -7.018782496452332e-01, -7.000001668930054e-01, -6.981912851333618e-01, -6.964452266693115e-01, -6.947557330131531e-01, -6.931164860725403e-01, -6.915242671966553e-01, -6.899720430374146e-01, -6.884498596191406e-01, -6.869555711746216e-01, -6.854872107505798e-01, -6.840426921844482e-01, -6.826199293136597e-01, -6.812170147895813e-01, -6.798317432403564e-01, -6.784622073173523e-01, -6.771062612533569e-01, -6.75761878490448e-01, -6.744270324707031e-01, -6.731008291244507e-01, -6.71782910823822e-01, -6.704719066619873e-01, -6.691675782203674e-01, -6.678697466850281e-01, -6.665780544281006e-01, -6.652923226356506e-01, -6.640123724937439e-01, -6.627379059791565e-01, -6.614686846733093e-01, -6.602044701576233e-01, -6.589450240135193e-01, -6.57690167427063e-01, -6.564396023750305e-01, -6.551931500434875e-01, -6.539504528045654e-01, -6.527117490768433e-01, -6.514768600463867e-01, -6.502458453178406e-01, -6.490185856819153e-01, -6.477950811386108e-01, -6.465752720832825e-01, -6.45359218120575e-01, -6.441468000411987e-01, -6.429380178451538e-01, -6.417328715324402e-01, -6.405313014984131e-01, -6.393332481384277e-01, -6.381387114524841e-01, -6.369476914405823e-01, -6.357600688934326e-01, -6.345759034156799e-01, -6.333951950073242e-01, -6.322178840637207e-01, -6.310439705848694e-01, -6.298734545707703e-01, -6.287062764167786e-01, -6.275424361228943e-01, -6.263819336891174e-01, -6.25224769115448e-01, -6.24070942401886e-01, -6.229203939437866e-01, -6.217731237411499e-01, -6.206291317939758e-01, -6.194884181022644e-01, -6.183509230613708e-01, -6.172167062759399e-01, -6.160857081413269e-01, -6.149579286575317e-01, -6.138333678245544e-01, -6.127119660377502e-01, -6.115937829017639e-01, -6.104786992073059e-01, -6.093668341636658e-01, -6.08258068561554e-01, -6.071524620056152e-01, -6.060499548912048e-01, -6.04950487613678e-01]
oriWesTop.dp=[3.509163665771484e+01, 9.845149517059326e-02, 7.771177589893341e-02, 6.322605907917023e-02, 5.258389934897423e-02, 4.434473440051079e-02, 3.779048845171928e-02, 3.234175220131873e-02, 2.777130156755447e-02, 2.380071021616459e-02, 2.031328901648521e-02, 1.719367131590843e-02, 1.4371900819242e-02, 1.176329515874386e-02, 9.356262162327763e-03, 7.126576732844114e-03, 5.062924232333899e-03, 3.148396499454975e-03, 1.382087008096278e-03, -2.360130019951612e-04, -1.707966672256589e-03, -3.039582632482052e-03, -4.237064626067877e-03, -5.309978500008583e-03, -6.267335265874863e-03, -7.121013011783361e-03, -7.880112156271935e-03, -8.553312160074713e-03, -9.149290621280672e-03, -9.676729328930378e-03, -1.014020200818777e-02, -1.054910849779844e-02, -1.091727055609226e-02, -1.12475948408246e-02, -1.154298800975084e-02, -1.180635672062635e-02, -1.204060949385166e-02, -1.224865671247244e-02, -1.243340782821178e-02, -1.259777508676052e-02, -1.274467166513205e-02, -1.287701074033976e-02, -1.29977073520422e-02, -1.310796942561865e-02, -1.320853922516108e-02, -1.330153830349445e-02, -1.338735409080982e-02, -1.346637774258852e-02, -1.353899855166674e-02, -1.360560581088066e-02, -1.366658881306648e-02, -1.372233964502811e-02, -1.377324666827917e-02, -1.381970196962357e-02, -1.386209391057491e-02, -1.390081364661455e-02, -1.393625233322382e-02, -1.396880112588406e-02, -1.399884931743145e-02, -1.402624510228634e-02, -1.405125483870506e-02, -1.407398749142885e-02, -1.409452687948942e-02, -1.411295589059591e-02, -1.412935927510262e-02, -1.414382178336382e-02, -1.415642723441124e-02, -1.416725851595402e-02, -1.417640130966902e-02, -1.418393757194281e-02, -1.418995391577482e-02, -1.419453229755163e-02, -1.419775653630495e-02, -1.419971231371164e-02, -1.420034281909466e-02, -1.419968903064728e-02, -1.419800613075495e-02, -1.419532299041748e-02, -1.419166754931211e-02, -1.418706681579351e-02, -1.418154779821634e-02, -1.417514029890299e-02, -1.416787039488554e-02, -1.415976695716381e-02, -1.415085699409246e-02, -1.414116751402617e-02, -1.413072738796473e-02, -1.411956362426281e-02, -1.410770416259766e-02, -1.409517601132393e-02, -1.408200804144144e-02, -1.406822632998228e-02, -1.405385974794626e-02, -1.403893437236547e-02, -1.402348000556231e-02, -1.400752179324627e-02, -1.399108860641718e-02, -1.397420838475227e-02, -1.395690813660622e-02, -1.393921487033367e-02, -1.392115652561188e-02]
oriEasTop.dp=[-3.485583877563477e+01, 9.846682846546173e-02, 7.771009206771851e-02, 6.323511153459549e-02, 5.25723323225975e-02, 4.436045140028e-02, 3.776085749268532e-02, 3.235340118408202e-02, 2.777065336704254e-02, 2.380234375596046e-02, 2.031433582305908e-02, 1.720586232841015e-02, 1.436497271060944e-02, 1.17641082033515e-02, 9.354387409985062e-03, 7.124693132936954e-03, 5.061007104814053e-03, 3.146459814161062e-03, 1.380129251629114e-03, -2.380048244958743e-04, -1.709993928670883e-03, -3.041646210476756e-03, -4.239162895828485e-03, -5.312108900398016e-03, -6.269495934247971e-03, -7.123205345124006e-03, -7.882331497967243e-03, -8.555549196898939e-03, -9.151541627943518e-03, -9.678995236754417e-03, -1.014248561114073e-02, -1.055140141397715e-02, -1.091957651078701e-02, -1.124991197139025e-02, -1.154531352221966e-02, -1.180868782103062e-02, -1.204294245690107e-02, -1.22509878128767e-02, -1.243573427200317e-02, -1.260009687393904e-02, -1.274698786437511e-02, -1.28793241456151e-02, -1.300002168864012e-02, -1.311028562486172e-02, -1.321085169911385e-02, -1.330384705215693e-02, -1.338966004550457e-02, -1.346867997199297e-02, -1.354129612445831e-02, -1.360789872705936e-02, -1.366887707263231e-02, -1.37246223166585e-02, -1.377552375197411e-02, -1.38219716027379e-02, -1.386435702443123e-02, -1.390307117253542e-02, -1.393850427120924e-02, -1.397104654461145e-02, -1.400109101086855e-02, -1.402848120778799e-02, -1.405348535627127e-02, -1.407621242105961e-02, -1.409674528986216e-02, -1.411516964435577e-02, -1.413156744092703e-02, -1.414602342993021e-02, -1.415862236171961e-02, -1.416944805532694e-02, -1.417858339846134e-02, -1.418611407279968e-02, -1.419212389737368e-02, -1.419669575989246e-02, -1.419991441071033e-02, -1.420186460018158e-02, -1.420248951762915e-02, -1.420182827860117e-02, -1.420013979077339e-02, -1.419745106250048e-02, -1.419379096478224e-02, -1.418918557465076e-02, -1.418366283178329e-02, -1.417724974453449e-02, -1.416997518390417e-02, -1.416186708956957e-02, -1.41529506072402e-02, -1.414325647056103e-02, -1.413280982524157e-02, -1.412163954228163e-02, -1.410977263003588e-02, -1.409723795950413e-02, -1.408406160771847e-02, -1.407027244567871e-02, -1.40558984130621e-02, -1.404096558690071e-02, -1.402550283819437e-02, -1.400953810662031e-02, -1.399309933185577e-02, -1.397621352225542e-02, -1.395890861749649e-02, -1.394121255725622e-02, -1.392315234988928e-02]
oriOutTop.dp=[1.3256787109375e+03, 8.087317943572998e-01, 7.915302515029907e-01, 7.79269814491272e-01, 7.700137495994568e-01, 7.626427412033081e-01, 7.56539523601532e-01, 7.513120174407959e-01, 7.467230558395386e-01, 7.425851821899414e-01, 7.388014793395996e-01, 7.352900505065918e-01, 7.319814562797546e-01, 7.288343906402588e-01, 7.258270382881165e-01, 7.22947895526886e-01, 7.201887369155884e-01, 7.175379395484924e-01, 7.149959802627563e-01, 7.125638723373413e-01, 7.10237979888916e-01, 7.08013117313385e-01, 7.058852910995483e-01, 7.038478255271912e-01, 7.018944025039673e-01, 7.000165581703186e-01, 6.982079148292542e-01, 6.96462094783783e-01, 6.947727799415588e-01, 6.931337118148804e-01, 6.915416121482849e-01, 6.899895071983337e-01, 6.884673833847046e-01, 6.869731545448303e-01, 6.855047941207886e-01, 6.840603351593018e-01, 6.82637631893158e-01, 6.812346577644348e-01, 6.798494458198547e-01, 6.784798502922058e-01, 6.771239042282104e-01, 6.757794618606567e-01, 6.744445562362671e-01, 6.731183528900146e-01, 6.718003749847412e-01, 6.704893112182617e-01, 6.691849827766418e-01, 6.678870320320129e-01, 6.665952801704407e-01, 6.653095483779907e-01, 6.640295386314392e-01, 6.62755012512207e-01, 6.614857316017151e-01, 6.602214574813843e-01, 6.589619517326355e-01, 6.577070355415344e-01, 6.564564108848572e-01, 6.552098393440247e-01, 6.539671421051025e-01, 6.527283787727356e-01, 6.514934301376343e-01, 6.502622961997986e-01, 6.490349769592285e-01, 6.478114128112793e-01, 6.465916037559509e-01, 6.453754901885986e-01, 6.441630125045776e-01, 6.429541707038879e-01, 6.417489647865295e-01, 6.405472755432129e-01, 6.393492221832275e-01, 6.381546258926392e-01, 6.369634866714478e-01, 6.357758641242981e-01, 6.345916390419006e-01, 6.334108710289001e-01, 6.322335004806519e-01, 6.310595273971558e-01, 6.298888921737671e-01, 6.287216544151306e-01, 6.275578141212463e-01, 6.263972520828247e-01, 6.252400279045105e-01, 6.240861415863037e-01, 6.229355335235596e-01, 6.217882037162781e-01, 6.206441521644592e-01, 6.19503378868103e-01, 6.183658838272095e-01, 6.172316074371338e-01, 6.16100549697876e-01, 6.14972710609436e-01, 6.13848090171814e-01, 6.12726628780365e-01, 6.116083860397339e-01, 6.104932427406311e-01, 6.093813180923462e-01, 6.082724928855896e-01, 6.071668267250061e-01, 6.060642600059509e-01, 6.049647927284241e-01]
