last-generated=2017-09-20
statistics-initialization=
{
  "linear": "5"
}
statistics-simulation=
{
  "numerical Jacobians": "0", 
  "nonlinear": " ", 
  "number of continuous time states": "5", 
  "linear": "0, 4, 0"
}
thermalZoneThreeElements.TAir=[2.951499938964844e+02, 2.951696228027344e+02, 2.907651672363281e+02, 2.919054626464844e+02, 2.947746032714844e+02, 2.917046508789062e+02, 2.928890808105469e+02, 2.946884704589844e+02, 2.924599731445313e+02, 2.940510070800781e+02, 2.974713439941406e+02, 2.939136291503906e+02, 2.949152282714844e+02, 3.003928649902344e+02, 2.963350769042969e+02, 2.983494873046875e+02, 3.014918518066406e+02, 2.991163757324219e+02, 3.041958068847656e+02, 3.023194091796875e+02, 3.0330517578125e+02, 3.059018981933594e+02, 3.025029052734375e+02, 3.000750915527344e+02, 3.063229736328125e+02, 3.057822875976562e+02, 3.057523498535156e+02, 3.070904174804688e+02, 3.04463330078125e+02, 3.05815673828125e+02, 3.125985717773438e+02, 3.060203247070312e+02, 3.087424621582031e+02, 3.163363952636719e+02, 3.109709350585937e+02, 3.120489807128906e+02, 3.170890319824219e+02, 3.082235290527344e+02, 3.109988159179687e+02, 3.150000305175781e+02, 3.101952514648438e+02, 3.133421081542969e+02, 3.166150512695312e+02, 3.14555419921875e+02, 3.188397644042969e+02, 3.135610961914062e+02, 3.088700500488281e+02, 3.120154052734375e+02, 3.090878356933594e+02, 3.097009338378906e+02, 3.175973205566406e+02, 3.112030029296875e+02, 3.1184267578125e+02, 3.174312927246094e+02, 3.106486694335937e+02, 3.10088623046875e+02, 3.170631774902344e+02, 3.114509582519531e+02, 3.136311889648438e+02, 3.183229309082031e+02, 3.131564331054688e+02, 3.17859814453125e+02, 3.103073913574219e+02, 3.086827880859375e+02, 3.132014404296875e+02, 3.06789306640625e+02, 3.079348449707031e+02, 3.129200134277344e+02, 3.078737915039063e+02, 3.092136474609375e+02, 3.113802490234375e+02, 3.082338684082031e+02, 3.0751484375e+02, 3.11451513671875e+02, 3.034153625488281e+02, 3.039251098632812e+02, 3.104006774902344e+02, 3.036420532226563e+02, 3.068951538085938e+02, 3.085894409179688e+02, 3.037391662597656e+02, 3.052779052734375e+02, 3.016096740722656e+02, 3.00446923828125e+02, 3.035837463378906e+02, 2.9701220703125e+02, 2.961063537597656e+02, 3.004064514160156e+02, 2.961135375976563e+02, 2.98326611328125e+02, 2.9996337890625e+02, 2.959725158691406e+02, 2.957668762207031e+02, 2.967712707519531e+02, 2.929099487304687e+02, 2.935927734375e+02, 2.945491271972656e+02, 2.922037658691406e+02, 2.953982055664063e+02, 2.937292724609375e+02, 2.926844177246094e+02]
time=[0e+00, 3.1536e+07]
