last-generated=2017-09-20
statistics-initialization=
{
  "numerical Jacobians": "0", 
  "nonlinear": "5"
}
statistics-simulation=
{
  "numerical Jacobians": "0", 
  "nonlinear": "1", 
  "number of continuous time states": "10", 
  "linear": "0, 0, 0, 0, 0"
}
zone.T=[2.931499938964844e+02, 2.9329931640625e+02, 2.938196105957031e+02, 2.946535339355469e+02, 2.933468933105469e+02, 2.948509826660156e+02, 2.949565734863281e+02, 2.948143005371094e+02, 2.941949157714844e+02, 2.951499633789062e+02, 2.94530029296875e+02, 2.940124206542969e+02, 2.951308288574219e+02, 2.933597106933594e+02, 2.949378662109375e+02, 2.949985961914062e+02, 2.950545043945312e+02, 2.934637145996094e+02, 2.93350830078125e+02, 2.933691101074219e+02, 2.940606994628906e+02, 2.9381689453125e+02, 2.941665954589844e+02, 2.95110107421875e+02, 2.937216186523438e+02, 2.932660217285156e+02, 2.949934997558594e+02, 2.933594665527344e+02, 2.938832092285156e+02, 2.955363464355469e+02, 2.960247802734375e+02, 2.951151733398438e+02, 2.950508422851562e+02, 2.945022888183594e+02, 2.954201965332031e+02, 2.95705322265625e+02, 2.955550231933594e+02, 2.95687744140625e+02, 2.955369873046875e+02, 2.961579284667969e+02, 2.966763305664062e+02, 2.969845886230469e+02, 2.971362609863281e+02, 2.972690734863281e+02, 2.971917724609375e+02, 2.970220642089844e+02, 2.972713623046875e+02, 2.972726440429688e+02, 2.972508239746094e+02, 2.972774658203125e+02, 2.970592041015625e+02, 2.972693176269531e+02, 2.972654418945312e+02, 2.971264343261719e+02, 2.972723083496094e+02, 2.972996215820312e+02, 2.972721252441406e+02, 2.972756652832031e+02, 2.972812194824219e+02, 2.972701416015625e+02, 2.972513122558594e+02, 2.97255615234375e+02, 2.969859008789062e+02, 2.972002868652344e+02, 2.972362670898438e+02, 2.969233093261719e+02, 2.968833923339844e+02, 2.967969055175781e+02, 2.968885192871094e+02, 2.968604125976562e+02, 2.965556945800781e+02, 2.9623046875e+02, 2.956695861816406e+02, 2.95245361328125e+02, 2.9558154296875e+02, 2.955871887207031e+02, 2.950527648925781e+02, 2.941618957519531e+02, 2.943086547851562e+02, 2.943404846191406e+02, 2.933300476074219e+02, 2.937828063964844e+02, 2.935883483886719e+02, 2.935032653808594e+02, 2.936852722167969e+02, 2.932079772949219e+02, 2.950306396484375e+02, 2.935578308105469e+02, 2.94111083984375e+02, 2.950599670410156e+02, 2.949207458496094e+02, 2.948161010742188e+02, 2.95083251953125e+02, 2.939210815429688e+02, 2.948829650878906e+02, 2.950764770507812e+02, 2.950697937011719e+02, 2.949950256347656e+02, 2.944741516113281e+02, 2.950241394042969e+02, 2.948709716796875e+02]
time=[0e+00, 3.1536e+07]
heaWat.u=[1e+00, 1e+00, 1e+00, 1e+00, 0e+00, 1e+00, 1e+00, 1e+00, 1e+00, 1e+00, 1e+00, 1e+00, 1e+00, 0e+00, 1e+00, 1e+00, 0e+00, 1e+00, 0e+00, 0e+00, 1e+00, 0e+00, 0e+00, 1e+00, 0e+00, 0e+00, 1e+00, 0e+00, 0e+00, 0e+00, 0e+00, 0e+00, 0e+00, 0e+00, 0e+00, 0e+00, 0e+00, 0e+00, 0e+00, 0e+00, 0e+00, 0e+00, 0e+00, 0e+00, 0e+00, 0e+00, 0e+00, 0e+00, 0e+00, 0e+00, 0e+00, 0e+00, 0e+00, 0e+00, 0e+00, 0e+00, 0e+00, 0e+00, 0e+00, 0e+00, 0e+00, 0e+00, 0e+00, 0e+00, 0e+00, 0e+00, 0e+00, 0e+00, 0e+00, 0e+00, 0e+00, 0e+00, 0e+00, 0e+00, 0e+00, 0e+00, 0e+00, 0e+00, 0e+00, 1e+00, 0e+00, 0e+00, 1e+00, 0e+00, 0e+00, 0e+00, 1e+00, 0e+00, 0e+00, 1e+00, 1e+00, 1e+00, 1e+00, 0e+00, 1e+00, 1e+00, 1e+00, 1e+00, 1e+00, 1e+00, 1e+00]
vavDam.y=[1.000000014901161e-01, 1.000000014901161e-01, 1.000000014901161e-01, 1.000000014901161e-01, 1.000000014901161e-01, 1.000000014901161e-01, 1.000000014901161e-01, 1.000000014901161e-01, 1.000000014901161e-01, 1.000000014901161e-01, 1.000000014901161e-01, 1.000000014901161e-01, 1.000000014901161e-01, 1.000000014901161e-01, 1.000000014901161e-01, 1.000000014901161e-01, 1.000000014901161e-01, 1.000000014901161e-01, 1.000000014901161e-01, 1.000000014901161e-01, 1.000000014901161e-01, 1.000000014901161e-01, 1.000000014901161e-01, 1.000000014901161e-01, 1.000000014901161e-01, 1.000000014901161e-01, 1.000000014901161e-01, 1.000000014901161e-01, 1.000000014901161e-01, 1.000000014901161e-01, 1.000000014901161e-01, 1.000000014901161e-01, 1.000000014901161e-01, 1.000000014901161e-01, 1.000000014901161e-01, 1.000000014901161e-01, 1.000000014901161e-01, 1.000000014901161e-01, 1.000000014901161e-01, 1.000000014901161e-01, 1.000000014901161e-01, 1.000000014901161e-01, 1.000000014901161e-01, 1.190688163042068e-01, 1.000000014901161e-01, 1.000000014901161e-01, 1.213565543293953e-01, 1.226390078663826e-01, 1.00815661251545e-01, 1.274691820144653e-01, 1.000000014901161e-01, 1.193304359912872e-01, 1.154399514198303e-01, 1.000000014901161e-01, 1.223098561167717e-01, 1.496158689260483e-01, 1.221373751759529e-01, 1.256672143936157e-01, 1.312210410833359e-01, 1.201473549008369e-01, 1.01311169564724e-01, 1.056028306484222e-01, 1.000000014901161e-01, 1.000000014901161e-01, 1.000000014901161e-01, 1.000000014901161e-01, 1.000000014901161e-01, 1.000000014901161e-01, 1.000000014901161e-01, 1.000000014901161e-01, 1.000000014901161e-01, 1.000000014901161e-01, 1.000000014901161e-01, 1.000000014901161e-01, 1.000000014901161e-01, 1.000000014901161e-01, 1.000000014901161e-01, 1.000000014901161e-01, 1.000000014901161e-01, 1.000000014901161e-01, 1.000000014901161e-01, 1.000000014901161e-01, 1.000000014901161e-01, 1.000000014901161e-01, 1.000000014901161e-01, 1.000000014901161e-01, 1.000000014901161e-01, 1.000000014901161e-01, 1.000000014901161e-01, 1.000000014901161e-01, 1.000000014901161e-01, 1.000000014901161e-01, 1.000000014901161e-01, 1.000000014901161e-01, 1.000000014901161e-01, 1.000000014901161e-01, 1.000000014901161e-01, 1.000000014901161e-01, 1.000000014901161e-01, 1.000000014901161e-01, 1.000000014901161e-01]
fan.sta_b.T=[2.886552734375e+02, 2.904583129882812e+02, 2.878003234863281e+02, 2.920340576171875e+02, 2.909736328125e+02, 2.921860961914062e+02, 2.912510681152344e+02, 2.903099060058594e+02, 2.887934265136719e+02, 2.918001708984375e+02, 2.898282775878906e+02, 2.909384765625e+02, 2.920348815917969e+02, 2.904968566894531e+02, 2.906281433105469e+02, 2.922215576171875e+02, 2.918370971679688e+02, 2.907699279785156e+02, 2.914959716796875e+02, 2.917686767578125e+02, 2.911693420410156e+02, 2.921475830078125e+02, 2.914042663574219e+02, 2.922449951171875e+02, 2.928442077636719e+02, 2.910788879394531e+02, 2.920714721679688e+02, 2.918489379882812e+02, 2.920858154296875e+02, 2.963506164550781e+02, 2.940988159179688e+02, 2.935656433105469e+02, 2.933592529296875e+02, 2.939567260742188e+02, 2.947681274414062e+02, 2.94322265625e+02, 2.947435302734375e+02, 2.935459289550781e+02, 2.952120666503906e+02, 2.961456298828125e+02, 2.948926391601562e+02, 2.980903930664062e+02, 2.966095886230469e+02, 2.980160827636719e+02, 2.962871704101562e+02, 2.965215148925781e+02, 2.963283996582031e+02, 2.985794982910156e+02, 2.949618835449219e+02, 2.974532165527344e+02, 2.972280883789062e+02, 2.973725891113281e+02, 2.969470825195312e+02, 2.979122314453125e+02, 2.977032165527344e+02, 2.980174255371094e+02, 2.981701354980469e+02, 2.968270874023438e+02, 2.98050048828125e+02, 2.977490539550781e+02, 2.958913879394531e+02, 2.975402526855469e+02, 2.966900329589844e+02, 2.963922119140625e+02, 2.980618286132812e+02, 2.965275573730469e+02, 2.967246398925781e+02, 2.966685180664062e+02, 2.963461303710938e+02, 2.965507507324219e+02, 2.957951049804688e+02, 2.96013671875e+02, 2.945075073242188e+02, 2.951829223632812e+02, 2.946803894042969e+02, 2.94806884765625e+02, 2.944577331542969e+02, 2.922933959960938e+02, 2.932569274902344e+02, 2.925163269042969e+02, 2.915533142089844e+02, 2.924067687988281e+02, 2.915685424804688e+02, 2.919309387207031e+02, 2.939970092773438e+02, 2.92529541015625e+02, 2.923388061523438e+02, 2.924598083496094e+02, 2.916402282714844e+02, 2.916824340820312e+02, 2.90910400390625e+02, 2.902038269042969e+02, 2.919537048339844e+02, 2.917669982910156e+02, 2.908406982421875e+02, 2.920327453613281e+02, 2.911068115234375e+02, 2.912257690429688e+02, 2.911376342773438e+02, 2.913525390625e+02, 2.911005859375e+02]
fan.sta_a.T=[2.883200073242188e+02, 2.90123046875e+02, 2.874650573730469e+02, 2.916987915039062e+02, 2.906383666992188e+02, 2.91850830078125e+02, 2.909158020019531e+02, 2.899746398925781e+02, 2.884581909179688e+02, 2.914649047851562e+02, 2.894930114746094e+02, 2.906032104492188e+02, 2.916996154785156e+02, 2.901615905761719e+02, 2.902928771972656e+02, 2.918862915039062e+02, 2.915018310546875e+02, 2.904346618652344e+02, 2.911607055664062e+02, 2.914334106445312e+02, 2.908340759277344e+02, 2.918123168945312e+02, 2.910690002441406e+02, 2.919097290039062e+02, 2.925089416503906e+02, 2.907436218261719e+02, 2.917362060546875e+02, 2.91513671875e+02, 2.917505493164062e+02, 2.960153503417969e+02, 2.937635498046875e+02, 2.932304077148438e+02, 2.930239868164062e+02, 2.936214599609375e+02, 2.94432861328125e+02, 2.939869995117188e+02, 2.944082641601562e+02, 2.932106628417969e+02, 2.948768005371094e+02, 2.958103637695312e+02, 2.945574035644531e+02, 2.97755126953125e+02, 2.962743225097656e+02, 2.976808166503906e+02, 2.95951904296875e+02, 2.961862487792969e+02, 2.959931640625e+02, 2.982442321777344e+02, 2.946266174316406e+02, 2.971179504394531e+02, 2.96892822265625e+02, 2.970373229980469e+02, 2.966118469238281e+02, 2.975769653320312e+02, 2.973679504394531e+02, 2.976821594238281e+02, 2.978348693847656e+02, 2.964918212890625e+02, 2.977147827148438e+02, 2.974137878417969e+02, 2.955561218261719e+02, 2.972049865722656e+02, 2.963547973632812e+02, 2.960569458007812e+02, 2.977265625e+02, 2.961923217773438e+02, 2.963893737792969e+02, 2.96333251953125e+02, 2.960108947753906e+02, 2.962154846191406e+02, 2.954598388671875e+02, 2.956784057617188e+02, 2.941722412109375e+02, 2.9484765625e+02, 2.943451232910156e+02, 2.944716186523438e+02, 2.941224670410156e+02, 2.919581298828125e+02, 2.929216613769531e+02, 2.921810913085938e+02, 2.912180480957031e+02, 2.92071533203125e+02, 2.912332763671875e+02, 2.915956726074219e+02, 2.936617431640625e+02, 2.921942749023438e+02, 2.920035400390625e+02, 2.921245422363281e+02, 2.913049621582031e+02, 2.9134716796875e+02, 2.905751342773438e+02, 2.898685607910156e+02, 2.916184387207031e+02, 2.914317626953125e+02, 2.905054321289062e+02, 2.91697509765625e+02, 2.907715454101562e+02, 2.908905029296875e+02, 2.908023986816406e+02, 2.910172729492188e+02, 2.907653198242188e+02]
